10.780000000000001
11.92
9.9
11.3
11.06
11.92
11.44
11.48
10.280000000000001
11.64
11.799999999999999
11.84
11.5
11.379999999999999
11.92
11.12
11.1
11.020000000000001
10.68
11.899999999999999
11.78
11.3
11.600000000000001
11.899999999999999
11.459999999999999
10.86
11.84
11.64
11.459999999999999
11.68
10.92
11.84
10.48
11.200000000000001
11.42
11.48
11.360000000000001
11.66
11.86
11.799999999999999
11.24
11.799999999999999
11.64
11.86
11.600000000000001
11.379999999999999
11.26
11.24
11.600000000000001
11.44
11.899999999999999
11.559999999999999
11.52
11.379999999999999
11.86
11.68
11.600000000000001
11.32
11.32
11.700000000000001
11.26
11.1
11.84
11.24
11.4
11.68
11.58
11.68
11.76
11.600000000000001
11.42
11.82
10.94
11.18
11.88
11.360000000000001
11.34
11.72
11.360000000000001
11.64
11.86
11.4
11.52
11.84
11.48
11.360000000000001
11.4
11.700000000000001
11.88
11.62
11.64
11.48
11.16
11.04
11.74
11.92
11.700000000000001
11.64
11.4
11.64
